#POSX	POSY	POSZ
68.373	73.951	0.085
65.024	64.408	-0.163
75.004	60.716	0.387
63.474	46.162	-0.086
84.453	41.357	0.254
71.208	35.698	-0.006
91.764	34.662	0.245
71.631	30.328	-0.127
70.375	23.012	-0.260
61.346	20.829	-0.262
81.172	18.173	-0.196
80.350	11.649	-0.250
72.417	4.951	-0.401
60.545	4.759	-0.137
95.907	-0.693	-0.091
89.362	-1.077	-0.376
73.792	-7.228	-0.368
91.846	-8.420	-0.301
65.282	-15.421	-0.343
77.816	-17.474	-0.252
101.184	-21.737	0.386
67.104	-23.734	-0.377
85.665	-28.143	-0.053
62.030	-29.334	-0.424
92.429	-33.207	0.067
69.158	-35.947	-0.501
81.139	-36.183	-0.104
63.250	-44.621	-0.454
96.988	-50.699	-0.480
80.088	-53.229	-0.547
63.880	-55.876	-0.436
66.216	-70.036	-0.083
44.939	91.736	0.002
57.603	72.650	-0.310
44.569	65.723	-0.239
35.888	64.372	-0.141
44.340	56.264	-0.184
56.230	56.189	-0.474
36.126	55.466	-0.133
47.789	50.441	-0.218
35.091	40.400	-0.012
52.366	37.997	-0.209
43.036	25.108	0.043
53.551	20.076	-0.121
41.761	15.216	-0.060
56.244	12.207	-0.189
41.134	6.842	-0.112
36.748	-2.306	-0.292
43.569	-5.823	-0.312
48.078	-8.122	-0.293
37.767	-11.174	-0.205
45.267	-12.412	-0.311
45.048	-18.996	-0.223
43.420	-27.055	-0.213
47.569	-35.009	-0.312
37.836	-35.118	-0.387
43.074	-43.626	-0.535
52.843	-49.222	-0.595
42.459	-56.927	-0.539
50.382	-62.277	-0.470
35.815	-65.443	-0.395
55.311	-73.539	-0.407
40.383	-89.270	-0.302
45.363	-89.770	-0.312
29.148	98.423	0.065
32.173	88.782	-0.117
24.595	82.854	-0.170
30.711	76.268	-0.201
27.806	66.323	-0.088
17.189	53.781	-0.210
26.925	34.267	0.004
17.199	30.635	-0.397
30.956	28.851	-0.054
33.499	19.541	-0.070
21.619	17.799	-0.224
20.174	9.304	-0.093
30.493	8.861	-0.220
25.179	5.765	0.060
17.769	2.348	0.195
31.433	-5.736	-0.133
20.905	-9.040	0.215
24.025	-16.847	0.145
30.590	-19.101	0.042
33.884	-22.936	-0.036
23.413	-30.390	-0.120
31.849	-33.484	-0.229
18.360	-38.135	-0.440
28.095	-44.507	-0.629
16.845	-52.974	-0.398
24.453	-60.942	-0.300
23.499	-68.096	-0.202
29.302	-75.169	-0.145
30.308	-83.830	-0.163
16.611	-84.441	-0.186
26.042	-93.474	-0.320
18.343	-96.970	-0.252
11.427	100.735	0.005
11.389	77.132	0.231
12.226	67.223	0.105
5.200	58.958	-0.237
11.319	51.002	-0.382
-0.125	50.813	-0.367
3.556	46.268	-0.248
12.635	44.839	-0.340
13.494	37.810	-0.364
6.033	36.192	-0.348
11.296	27.706	-0.263
10.213	17.041	-0.122
3.070	15.610	-0.075
-0.709	12.389	-0.026
11.366	12.036	-0.001
5.935	1.608	0.183
0.232	-2.918	0.246
4.527	-5.576	0.336
-0.855	-8.311	0.264
3.926	-11.379	0.280
-0.379	-15.989	0.090
5.420	-19.121	0.029
12.239	-20.050	0.096
-0.922	-23.364	-0.188
8.223	-34.183	-0.204
14.404	-45.085	-0.524
3.240	-46.046	-0.237
3.746	-55.133	-0.018
4.476	-72.191	-0.115
12.215	-73.729	-0.136
2.765	-81.973	-0.199
-0.519	-96.371	-0.220
-13.715	99.055	0.141
-2.751	97.759	-0.049
-4.773	86.478	0.397
-11.195	80.887	0.474
-14.414	76.305	0.451
-3.868	74.751	0.301
-16.059	58.416	-0.089
-12.772	53.764	-0.208
-18.123	53.457	-0.086
-9.302	40.956	-0.336
-2.904	36.122	-0.414
-10.607	34.492	-0.320
-17.587	31.413	-0.234
-5.455	28.378	-0.366
-2.982	24.019	-0.366
-13.425	22.830	-0.303
-6.373	16.049	-0.163
-9.562	5.695	-0.104
-14.536	4.386	-0.107
-10.478	-6.537	-0.100
-9.965	-13.805	-0.047
-6.769	-21.865	-0.133
-18.418	-22.097	-0.085
-14.376	-29.247	-0.165
-9.828	-35.751	-0.126
-8.773	-44.186	-0.008
-4.225	-46.631	-0.054
-10.873	-51.711	0.092
-9.061	-56.409	0.014
-4.920	-80.275	-0.300
-12.595	-86.260	-0.313
-16.595	-99.267	-0.231
-33.820	100.732	-0.009
-20.852	82.618	0.664
-35.336	75.319	0.655
-18.962	65.684	0.237
-33.932	53.269	0.247
-19.581	43.812	-0.104
-28.493	35.421	0.221
-33.910	31.773	0.421
-28.947	27.222	0.169
-36.715	20.097	0.298
-24.641	16.605	-0.136
-23.569	7.997	-0.168
-36.366	6.569	0.270
-19.368	4.390	-0.254
-30.756	3.727	0.056
-27.766	-4.484	-0.020
-31.357	-8.917	0.138
-19.529	-14.500	-0.058
-29.079	-15.872	0.118
-35.302	-23.203	0.060
-22.210	-25.702	0.032
-27.014	-40.748	0.040
-32.338	-40.960	0.031
-19.515	-42.371	-0.015
-20.818	-48.837	0.067
-35.808	-50.492	-0.021
-29.241	-60.574	-0.065
-20.669	-71.258	-0.193
-31.095	-78.212	-0.183
-21.316	-78.739	-0.232
-29.280	-85.603	-0.175
-28.439	-91.507	-0.093
-52.101	90.265	0.065
-43.213	85.417	0.168
-58.744	82.092	0.257
-42.456	64.515	0.492
-54.238	62.052	0.610
-37.548	60.402	0.447
-60.484	53.892	0.620
-49.372	51.458	0.465
-40.060	48.147	0.315
-40.876	40.189	0.346
-62.632	34.963	0.553
-47.585	28.462	0.469
-58.848	20.903	0.537
-47.675	16.534	0.379
-39.263	12.534	0.267
-49.055	8.642	0.497
-49.273	3.539	0.466
-45.895	-1.697	0.414
-47.560	-11.741	0.204
-41.623	-17.848	0.207
-58.760	-18.751	0.091
-52.006	-23.728	0.105
-40.031	-24.593	0.177
-45.484	-35.628	-0.022
-50.107	-38.299	-0.076
-39.561	-41.485	0.028
-57.497	-42.419	-0.033
-50.888	-54.544	-0.017
-54.471	-68.412	-0.189
-43.746	-69.945	-0.290
-62.257	-76.980	-0.089
-47.227	-85.253	-0.038
-72.912	76.648	0.624
-78.606	59.724	0.892
-63.420	58.102	0.724
-77.599	45.669	0.794
-73.727	39.882	0.675
-84.310	37.726	0.705
-89.230	30.195	0.604
-86.483	21.092	0.641
-63.965	16.941	0.448
-82.423	8.897	0.507
-67.523	6.633	0.258
-76.690	2.680	0.329
-92.241	-0.993	0.668
-63.227	-3.443	0.208
-65.290	-8.825	0.201
-95.427	-14.086	0.632
-72.212	-16.106	0.250
-80.975	-18.207	0.390
-85.075	-21.003	0.524
-68.819	-27.479	0.140
-98.809	-29.470	0.573
-88.329	-30.866	0.423
-81.972	-41.489	0.206
-75.736	-41.816	0.068
-82.196	-51.535	0.204
-69.641	-53.448	-0.165
-72.214	-65.521	-0.040
90.628	249.048	0.878
-73.000	254.776	0.694
-208.838	163.207	0.777
-264.867	9.342	1.167
-219.747	-148.121	-0.055